variable	year	topic	leftp	n	qcdr
CONTROL2	1953	100	43.1372549	600	40
CONTROL2	1953	100	43.1372549	600	40
CONTROLS	1948	100	72.5	600	41
CONTROLS	1949	100	70.58823529	600	41
CONTROLS	1949	100	74.28571429	600	41
CONTROLS	1949	100	67.74193548	600	41
CONTROLS	1951	100	67.56756757	600	41
ECOHELP2	1983	100	72.11940299	1718	72
ECOHELP2	1984	100	68.8172043	1645	72
ECOHELP2	1985	100	66.66666667	1769	72
ECOHELP2	1986	100	63.0952381	3066	72
ECOHELP2	1987	100	60.62902615	2765	72
ECOHELP2	1989	100	56.91284564	2930	72
ECOHELP2	1990	100	57.44115414	2697	72
ECOHELP2	1991	100	61.88760807	1423	72
ECOHELP4	1983	100	75.30487805	1719	74
ECOHELP4	1984	100	71.70668397	1645	74
ECOHELP4	1985	100	72.91666667	1770	74
ECOHELP4	1986	100	72.78839349	3067	74
ECOHELP4	1987	100	74.76265823	2765	74
ECOHELP5	1983	100	67.54926108	1719	75
ECOHELP5	1984	100	64.82939633	1645	75
ECOHELP5	1985	100	66.19890177	1769	75
ECOHELP5	1986	100	66.15983027	3066	75
ECOHELP5	1987	100	65.7905217	2765	75
ECOHELP5	1989	100	57.16925351	2930	75
ECOHELP5	1990	100	60.15841584	2698	75
ECOHELP5	1991	100	62.55673222	1422	75
ECOHELP6	1983	100	18.70838881	1720	76
ECOHELP6	1984	100	14.58773784	1646	76
ECOHELP6	1985	100	12.83244681	1769	76
ECOHELP6	1986	100	14.11306043	3065	76
ECOHELP6	1987	100	12.53309797	2766	76
ECOHELP8	1983	100	64	1720	77
ECOHELP8	1984	100	63.67713004	1646	77
ECOHELP8	1985	100	63.97366846	1769	77
ECOHELP8	1986	100	68.05266805	3066	77
ECOHELP8	1987	100	65.9344894	2766	77
ECOHELP8	1989	100	71.42339732	2930	77
ECOHELP8	1990	100	74.61988304	2698	77
ECOHELP8	1991	100	73.24981577	1422	77
ECOHELP9	1983	100	91.31469363	1719	78
ECOHELP9	1984	100	91.38576779	1646	78
ECOHELP9	1985	100	92.6462073	1769	78
ECOHELP9	1986	100	92.816572	3066	78
ECOHELP9	1987	100	92.05762837	2766	78
ECOHELP9	1989	100	88.67201115	2929	78
ECOHELP9	1990	100	85.4206319	2698	78
ECOHELP9	1991	100	86.89956332	1423	78
ECOHELPA	1989	100	87.77777778	2931	79
ECOHELPA	1990	100	92.18328841	2698	79
ECOHELPA	1991	100	92.62472885	1422	79
ECOHELPB	1989	100	82.17821782	2930	80
ECOHELPB	1990	100	84.75422427	2688	80
ECOHELPB	1991	100	83.69565217	1423	80
ECOHELPC	1989	100	70.39685377	2930	81
ECOHELPC	1990	100	74.96159754	2697	81
ECOHELPC	1991	100	70.25222552	1422	81
GOVECON4	1985	100	95.07714916	1502	99
GOVECON4	1990	100	93.50393701	1164	99
GOVECON4	1996	100	96.84947491	993	99
GOVECON5	1985	100	17.27748691	1504	100
GOVECON5	1990	100	24.65331279	1162	100
GOVECON5	1996	100	25.28089888	992	100
GOVECON6	1985	100	97.94721408	1502	101
GOVECON6	1990	100	98.27751196	1163	101
GOVECON6	1996	100	98.61431871	993	101
GOVECON7	1985	100	63.03972366	1502	102
GOVECON7	1990	100	74.35064935	1162	102
GOVECON7	1996	100	82.32931727	993	102
GOVECON8	1985	100	64.47368421	1502	103
GOVECON8	1990	100	58.01713586	1164	103
GOVECON8	1996	100	55.43806647	993	103
GOVHELP4	1986	100	39.1575663	1315	107
GOVHELP4	1987	100	39.52879581	1182	107
GOVHELP4	1989	100	41.55844156	1273	107
GOVINVEST	1990	100	37.68115942	600	108
GOVINVEST	1991	100	65.11627907	600	108
GOVINVEST	1992	100	47.14285714	600	108
GOVINVEST	1993	100	42.85714286	600	108
GOVINVEST	1996	100	44.44444444	600	108
GOVJOB	1994	100	49.26470588	2958	109
GOVJOB	1996	100	72.72727273	600	109
GOVJOB	1996	100	69.41176471	600	109
GOVJOB	1996	100	61.62538027	3103	109
GOVJOB	1997	100	63.94052045	1088	109
GOVJOBS	1983	100	80	3955	110
GOVJOBS	1987	100	88.39413962	3826	110
GOVJOBS	1992	100	92.25308642	3534	110
GOVJOBS2	1993	100	55.81531955	600	111
GOVJOBS2	1995	100	60.49763033	600	111
GOVJOBS2	1997	100	58.57545666	600	111
GOVJOBS2	2000	100	58.44827586	600	111
GOVJOBS2	2004	100	51.44261056	600	111
GOVRESP1	1985	100	72.03389831	1501	113
GOVRESP1	1986	100	67.49174917	1316	113
GOVRESP1	1989	100	72.32597623	1254	113
GOVRESP1	1990	100	63.46328196	1163	113
GOVRESP1	1991	100	65.80125336	1222	113
GOVRESP1	1992	100	66.51769088	3304	113
GOVRESP1	1996	100	68.86993603	993	113
GOVRESP1	1997	100	74.34449375	3093	113
GOVRESP1	1998	100	72.94751009	814	113
GOVRESP1	2000	100	80.99787686	2014	113
GOVRESP1	2002	100	78.21948488	1928	113
GOVRESP2	1985	100	93.02325581	1501	114
GOVRESP2	1986	100	91.37529138	1315	114
GOVRESP2	1990	100	89.2635315	1163	114
GOVRESP2	1996	100	85.0996852	993	114
GOVRESP2	2000	100	97.29315628	2015	114
GOVRESP2	2002	100	95.69012548	1929	114
GOVRESP3	1985	100	99.05469278	1502	115
GOVRESP3	1986	100	98.84792627	1317	115
GOVRESP3	1990	100	99.12587413	1163	115
GOVRESP3	1996	100	98.46311475	994	115
GOVRESP3	2000	100	99.69712267	2015	115
GOVRESP3	2002	100	99.19311458	1927	115
GOVRESP4	1985	100	98.43962008	1502	116
GOVRESP4	1986	100	98.77300613	1315	116
GOVRESP4	1990	100	98.77835951	1163	116
GOVRESP4	1996	100	97.32234809	994	116
GOVRESP4	2000	100	98.73225152	2014	116
GOVRESP4	2001	100	96.88195991	921	116
GOVRESP4	2002	100	98.60589812	1927	116
GOVRESP5	1985	100	95.49237171	1501	117
GOVRESP5	1986	100	90.90189873	1316	117
GOVRESP5	1990	100	93.85574354	1164	117
GOVRESP5	1996	100	92.66737513	994	117
GOVRESP6	1985	100	85.42253521	1502	118
GOVRESP6	1986	100	86.2667719	1315	118
GOVRESP6	1989	100	86.30600169	1254	118
GOVRESP6	1990	100	80.56057866	1163	118
GOVRESP6	1996	100	77.7537797	993	118
GOVRESP8	1990	100	92.68077601	1163	120
GOVRESP8	1996	100	89.9577167	992	120
GOVRESP9	1990	100	92.97777778	1164	121
GOVRESP9	1996	100	88.98395722	993	121
INDRESP	1990	100	43.97424103	1482	165
INDRESP	1999	100	27.11864407	999	165
JOBFRALL	1987	100	71.7921527	1181	170
JOBFRALL	1991	100	68.08252427	1035	170
NEWTECH	1985	100	90.62209842	1501	199
NEWTECH	1987	100	90.94874591	1244	199
NEWTECH	1990	100	94.01555955	2348	199
SAVFRRET	1991	100	17.08860759	1414	272
SAVFRRET	2000	100	16.77588467	3426	272
SAVFRRET	2004	100	11.48788927	3200	272
SAVFRRET	2005	100	10.04415011	600	272
SOCPLAN	1990	100	51.51515152	600	277
SOCPLAN	1991	100	53.52112676	600	277
SOCPLAN	1992	100	50	600	277
SOCPLAN	1993	100	62.16216216	600	277
SOCPLAN	1994	100	59.375	600	277
SOCPLAN	1996	100	58.10810811	600	277
BIGBUSNN	1986	110	73.93117831	1314	21
BIGBUSNN	1987	110	69.74647887	2425	21
BIGBUSNN	1989	110	71.04843002	2529	21
BIGBUSNN	1990	110	69.78989211	2349	21
BIGBUSNN	1991	110	72.77108434	1220	21
BIGBUSNN	1993	110	76.23036649	1328	21
BIGBUSNN	1994	110	81.47638698	2957	21
BIGBUSNN	1995	110	80.14857615	3146	21
BIGBUSNN	1996	110	80.31844317	3103	21
BIGBUSNN	1998	110	78.69890616	2546	21
BIGBUSNN	1999	110	75.41834968	2478	21
BIGBUSNN	2000	110	75.88750576	2991	21
BIGBUSNN	2001	110	76.06275304	2821	21
BIGBUSNN	2002	110	78.80794702	2930	21
BIGBUSNN	2003	110	78.1708694	3634	21
BIGBUSNN	2004	110	71.91464821	2611	21
BIGBUSNN	2005	110	74.09551375	600	21
BIGBUSTH	2001	110	60.30473136	2191	22
BIGBUSTH	2005	110	62.29130685	3226	22
BLAME	1966	110	23.91304348	600	23
BLAME	1972	110	16.66666667	600	23
BLAME	1973	110	19.64285714	600	23
BLAME	1973	110	25.92592593	600	23
BLAME	1974	110	8.695652174	600	23
BLAME	1975	110	17.85714286	600	23
BLAME	1977	110	19.64285714	600	23
BLAME	1979	110	10.29411765	600	23
BUSPOWER	1964	110	68.92561983	605	26
BUSPOWER	1966	110	68.56240126	633	26
BUSPOWER	1970	110	54.81012658	1842	26
BUSPOWER	1974	110	61.62037037	2365	26
BUSPOWER	1979	110	60.13071895	1858	26
BUSPOWER	1983	110	68.37384259	3955	26
BUSPOWER	1992	110	74.176	3125	26
BUSPOWER	1997	110	79.00120337	3324	26
BUSPOWER	2001	110	78.26625387	2191	26
BUSPOWER	2005	110	73.58803624	2326	26
CLASSSTR	1961	110	71.79487179	600	35
CLASSSTR	1964	110	55.17241379	600	35
CLASSSTR	1972	110	66.66666667	600	35
CLASSSTR	1973	110	67.41573034	600	35
CLASSSTR	1973	110	66.27906977	600	35
CLASSSTR	1974	110	65.16853933	600	35
CLASSSTR	1974	110	69.66292135	600	35
CLASSSTR	1974	110	67.41573034	600	35
CLASSSTR	1975	110	67.41573034	600	35
CLASSSTR	1981	110	72.52747253	600	35
CLASSSTR	1984	110	78.72340426	600	35
CLASSSTR	1986	110	74.46808511	600	35
CLASSSTR	1991	110	83.15789474	600	35
CLASSSTR	1993	110	81.91489362	600	35
CLASSSTR	1994	110	82.9787234	600	35
CLASSSTR	1995	110	87.09677419	600	35
CLASSSTR	1996	110	83.51648352	600	35
INDUST5	1985	110	62.5346901	1501	167
INDUST5	1986	110	60.20725389	1314	167
NOTRUDS2	1992	110	67.34059098	3304	202
NOTRUDS2	1994	110	69.93630573	971	202
NOTRUDS2	1997	110	70.02141328	3093	202
NOTRUDS2	1998	110	74.50657895	843	202
NOTRUDS2	2001	110	82.89017341	2191	202
NOTRUNS	1994	110	78.72527473	2958	203
NOTRUNS	1996	110	78.82352941	600	203
NOTRUNS	1996	110	78.31325301	600	203
NOTRUNS	1996	110	79.18088737	3104	203
NOTRUNS	1997	110	77.24935733	1088	203
NOTRUNS	2001	110	82.89017341	2191	203
NOTRUNS	2005	110	82.78502931	2326	203
PAYDISP	1958	110	56.4516129	600	213
PAYDISP	1959	110	52.17391304	600	213
PAYDISP	1960	110	53.62318841	600	213
PICKET	1972	110	25.80645161	600	216
PICKET	1974	110	30.76923077	600	216
POWERIND	1989	110	73.07692308	600	220
POWERIND	1991	110	82.35294118	600	220
POWERIND	1992	110	88.67924528	600	220
POWERIND	1993	110	91.66666667	600	220
POWERIND	1994	110	88.33333333	600	220
POWERIND	1995	110	90	600	220
POWERIND	1995	110	91.80327869	600	220
POWERIND	1997	110	92.59259259	600	220
STRIKES1	1964	110	44.23076923	600	291
STRIKES1	1966	110	47.16981132	600	291
STRIKES1	1968	110	49.01960784	600	291
STRIKES1	1970	110	46.15384615	600	291
STRIKES2	1972	110	58.5106383	600	292
STRIKES2	1972	110	61.45833333	600	292
STRIKES2	1974	110	61.05263158	600	292
STRIKES2	1978	110	55.43478261	600	292
STRIKES2	1979	110	56.98924731	600	292
STRIKES3	1972	110	20.87912088	600	293
STRIKES3	1972	110	20.21276596	600	293
STRIKES3	1974	110	23.65591398	600	293
STRIKES3	1978	110	25	600	293
STRIKES3	1979	110	17.0212766	600	293
STRIKES4	1964	110	21.66666667	600	294
STRIKES4	1966	110	20	600	294
STRIKES4	1969	110	20	600	294
STRIKES4	1970	110	19.29824561	600	294
STRIKES5	1964	110	28.20512821	600	295
STRIKES5	1966	110	25	600	295
STRIKLIM	1976	110	46.51162791	600	296
STRIKLIM	1977	110	44.04761905	600	296
STRIKLIM	1978	110	41.17647059	600	296
STRIKLIM	1979	110	32.22222222	600	296
STRONGTU	1993	110	68.33948339	600	297
STRONGTU	1995	110	70.23377922	600	297
STRONGTU	1997	110	69.37711754	600	297
STRONGTU	2000	110	75.43745949	600	297
STRONGTU	2004	110	74.20019223	600	297
TUBETTER	1984	110	64.70588235	600	309
TUBETTER	1984	110	72.4137931	600	309
TUBETTER	1985	110	72.94117647	600	309
TUBETTER	1986	110	71.95121951	600	309
TUBETTER	1987	110	71.08433735	600	309
TUBETTER	1988	110	71.76470588	600	309
TUCNTRL	1980	110	12.37113402	600	310
TUCNTRL	1980	110	12.12121212	600	310
TUCNTRL	1981	110	14.43298969	600	310
TUCNTRL	1982	110	16.66666667	600	310
TUCNTRL	1982	110	15.46391753	600	310
TUCOMP	1977	110	26.31578947	600	311
TUCOMP	1980	110	22.22222222	600	311
TUCOMP	1981	110	31.81818182	600	311
TUCOMP	1984	110	32.60869565	600	311
TUCOMP2	1969	110	37.64705882	600	312
TUCOMP2	1970	110	37.5	600	312
TUCOMP2	1973	110	26.96629213	600	312
TUCOMP2	1974	110	27.38095238	600	312
TUCOMP2	1975	110	29.34782609	600	312
TUCOMP2	1976	110	28.26086957	600	312
TUCOMP2	1977	110	23.33333333	600	312
TUCOMP2	1979	110	23.65591398	600	312
TUCOMP2	1980	110	26.31578947	600	312
TUCOMP2	1981	110	23.65591398	600	312
TUCOMP2	1982	110	29.78723404	600	312
TUCOMP3	1959	110	37.5	600	313
TUCOMP3	1964	110	32.92682927	600	313
TUCOMP3	1966	110	28.73563218	600	313
TUCOMP3	1968	110	33.72093023	600	313
TUEFFIC	1955	110	7.777777778	600	314
TUEFFIC	1957	110	8.235294118	600	314
TUEFFIC	1964	110	4.705882353	600	314
TUEFFIC	1966	110	5.434782609	600	314
TUESSEN	1975	110	82.95454545	600	315
TUESSEN	1977	110	80.64516129	600	315
TUESSEN	1978	110	82.9787234	600	315
TUESSEN	1979	110	83.33333333	600	315
TUESSEN	1980	110	81.81818182	600	315
TUESSEN	1981	110	82.02247191	600	315
TUESSEN	1982	110	77.17391304	600	315
TUESSEN	1983	110	82.79569892	600	315
TUESSEN	1984	110	79.7752809	600	315
TUESSEN	1989	110	80.8988764	600	315
TUESSEN	1989	110	86.51685393	600	315
TUESSEN	1990	110	76.66666667	600	315
TUESSEN	1990	110	87.91208791	600	315
TUESSEN	1992	110	85.26315789	600	315
TUESSEN	1992	110	86.04651163	600	315
TUESSEN	1993	110	88.88888889	600	315
TUESSEN	1994	110	89.13043478	600	315
TUESSEN	1995	110	88.76404494	600	315
TUEXTREM	1975	110	23.80952381	600	316
TUEXTREM	1977	110	24.13793103	600	316
TUEXTREM	1978	110	33.33333333	600	316
TUEXTREM	1979	110	26.37362637	600	316
TUEXTREM	1980	110	22.22222222	600	316
TUEXTREM	1981	110	26.5060241	600	316
TUEXTREM	1982	110	26.13636364	600	316
TUEXTREM	1984	110	27.27272727	600	316
TUEXTREM	1989	110	32.5	600	316
TUEXTREM	1990	110	37.5	600	316
TUEXTREM	1992	110	55.26315789	600	316
TUEXTREM	1993	110	53.33333333	600	316
TUEXTREM	1994	110	61.03896104	600	316
TUEXTREM	1995	110	59.21052632	600	316
TUFAIR	1984	110	68.13186813	600	317
TUFAIR	1984	110	74.46808511	600	317
TUFAIR	1985	110	75.55555556	600	317
TUFAIR	1986	110	75.55555556	600	317
TUFAIR	1987	110	80.43478261	600	317
TUFAIR	1988	110	78.88888889	600	317
TUGOOD	1952	110	85.18518519	600	318
TUGOOD	1955	110	78.82352941	600	318
TUGOOD	1956	110	75.30864198	600	318
TUGOOD	1957	110	71.62162162	600	318
TUGOOD	1957	110	73.68421053	600	318
TUGOOD	1958	110	71.25	600	318
TUGOOD	1958	110	80.26315789	600	318
TUGOOD	1959	110	82.19178082	600	318
TUGOOD	1961	110	78.66666667	600	318
TUGOOD	1961	110	67.85714286	600	318
TUGOOD	1963	110	74.69879518	600	318
TUGOOD	1963	110	81.25	600	318
TUGOOD	1966	110	74.07407407	600	318
TUGOOD	1966	110	70.23809524	600	318
TUGOOD	1966	110	75.90361446	600	318
TUGOOD	1967	110	72.28915663	600	318
TUGOOD	1968	110	73.86363636	600	318
TUGOOD	1968	110	78.57142857	600	318
TUGOOD	1969	110	68.6746988	600	318
TUGOOD	1970	110	71.42857143	600	318
TUGOOD	1971	110	74.69879518	600	318
TUGOOD	1972	110	63.63636364	600	318
TUGOOD	1972	110	64.70588235	600	318
TUGOOD	1973	110	59.30232558	600	318
TUGOOD	1973	110	70.93023256	600	318
TUGOOD	1973	110	70.37037037	600	318
TUGOOD	1974	110	65.88235294	600	318
TUGOOD	1974	110	66.66666667	600	318
TUGOOD	1975	110	51.19047619	600	318
TUGOOD	1975	110	60	600	318
TUGOOD	1976	110	70.58823529	600	318
TUGOOD	1977	110	61.62790698	600	318
TUGOOD	1978	110	64.77272727	600	318
TUGOOD	1979	110	58.62068966	600	318
TUGOOD	1979	110	50	600	318
TUGOOD	1980	110	52.22222222	600	318
TUGOOD	1980	110	59.5505618	600	318
TUGOOD	1980	110	67.41573034	600	318
TUGOOD	1981	110	66.66666667	600	318
TUGOOD	1982	110	66.29213483	600	318
TUGOOD	1982	110	58.88888889	600	318
TUGOOD	1983	110	71.59090909	600	318
TUGOOD	1984	110	64.77272727	600	318
TUGOOD	1984	110	67.03296703	600	318
TUGOOD	1985	110	75.82417582	600	318
TUGOOD	1985	110	73.03370787	600	318
TUGOOD	1986	110	75.28089888	600	318
TUGOOD	1987	110	80.68181818	600	318
TUGOOD	1988	110	76.40449438	600	318
TUGOOD	1989	110	73.91304348	600	318
TUGOOD	1990	110	76.13636364	600	318
TUGOOD	1991	110	80.45977011	600	318
TUGOOD	1992	110	70.45454545	600	318
TUGOOD	1993	110	79.7752809	600	318
TUGOOD	1994	110	75.29411765	600	318
TUGOOD	1995	110	78.82352941	600	318
TUGOOD	1996	110	77.01149425	600	318
TUGOOD	1997	110	78.125	600	318
TUJOIN	1976	110	52.3255814	600	319
TUJOIN	1977	110	42.1686747	600	319
TUJOIN	1978	110	48.80952381	600	319
TUJOIN	1979	110	44.70588235	600	319
TUJOIN	1980	110	47.19101124	600	319
TUJOIN	1981	110	43.67816092	600	319
TUJOIN	1982	110	47.72727273	600	319
TUJOIN	1983	110	54.54545455	600	319
TUJOIN	1984	110	56.97674419	600	319
TULAWS	1983	110	35.22231909	3730	320
TULAWS	1986	110	44.57274827	1317	320
TULAWS	1987	110	39.61140708	3826	320
TULAWS	1992	110	52.04791345	3534	320
TULAWS	1997	110	52.19885277	3615	320
TULDRS	1984	110	15.11627907	600	321
TULDRS	1984	110	18.07228916	600	321
TULDRS	1985	110	16.86746988	600	321
TULDRS	1986	110	20.73170732	600	321
TULDRS	1987	110	20.51282051	600	321
TULDRS	1988	110	26.19047619	600	321
TUNEEDED	1984	110	65.59139785	600	322
TUNEEDED	1984	110	73.11827957	600	322
TUNEEDED	1985	110	74.72527473	600	322
TUNEEDED	1986	110	73.91304348	600	322
TUNEEDED	1987	110	76.92307692	600	322
TUNEEDED	1988	110	74.44444444	600	322
TUPOWER	1964	110	35.33123028	634	323
TUPOWER	1966	110	26.7496112	643	323
TUPOWER	1970	110	26.63808941	1842	323
TUPOWER	1974	110	19.18835465	2365	323
TUPOWER	1979	110	18.18181818	1893	323
TUPOWER	1983	110	26.20505992	3955	323
TUPOWER	1985	110	16.80412371	1501	323
TUPOWER	1986	110	17.15976331	1316	323
TUPOWER	1987	110	20.85561497	1244	323
TUPOWER	1989	110	31.87414501	1256	323
TUPOWER	1990	110	27.09447415	1164	323
TUPOWER	1992	110	66.01574803	3534	323
TUPOWER	1994	110	62.5	986	323
TUPOWER	1996	110	54.75	993	323
TUPOWER	1997	110	75.82080393	3615	323
TUPOWER	1998	110	56.54152446	2547	323
TUPOWER	2001	110	75.70934256	2191	323
TUPOWER	2005	110	74.78517714	2326	323
TUPOWER2	1975	110	17.58241758	600	324
TUPOWER2	1977	110	17.70833333	600	324
TUPOWER2	1978	110	16.32653061	600	324
TUPOWER2	1979	110	16.66666667	600	324
TUPOWER2	1980	110	20.87912088	600	324
TUPOWER2	1981	110	23.91304348	600	324
TUPOWER2	1982	110	22.82608696	600	324
TUPOWER2	1983	110	26.88172043	600	324
TUPOWER2	1984	110	26.08695652	600	324
TUPOWER2	1989	110	50.60240964	600	324
TUPOWER2	1990	110	60.6741573	600	324
TUPOWER2	1990	110	54.21686747	600	324
TUPOWER2	1992	110	70.32967033	600	324
TUPOWER2	1992	110	70	600	324
TUPOWER2	1993	110	67.90123457	600	324
TUPOWER2	1994	110	68.29268293	600	324
TUPOWER2	1995	110	70.37037037	600	324
TUPOWER3	1976	110	7.142857143	600	325
TUPOWER3	1977	110	6.25	600	325
TUPOWER3	1978	110	4.166666667	600	325
TUPOWER3	1979	110	3.448275862	600	325
TUPOWER3	1980	110	7.894736842	600	325
TUPOWER3	1981	110	14.28571429	600	325
TUPOWER3	1982	110	12.5	600	325
TUPOWER3	1983	110	14.49275362	600	325
TUPOWER3	1984	110	12.32876712	600	325
TUPOWER3	1985	110	18.33333333	600	325
TUPOWER3	1985	110	18.46153846	600	325
TUPOWER3	1986	110	22.4137931	600	325
TUPOWER3	1987	110	29.41176471	600	325
TUPOWER3	1988	110	32.0754717	600	325
TUPOWER3	1988	110	37.25490196	600	325
TUPOWER3	1989	110	40	600	325
TUPOWER3	1990	110	38.7755102	600	325
TUPOWER3	1991	110	42.5	600	325
TUPOWER3	1992	110	50	600	325
TUPOWER3	1993	110	61.36363636	600	325
TUPOWER3	1994	110	55.31914894	600	325
TUPOWER3	1995	110	59.52380952	600	325
TUPOWER3	1996	110	58.97435897	600	325
TUPOWER3	1997	110	64.1025641	600	325
TUPOWER4	1969	110	10	600	326
TUPOWER4	1970	110	10.14492754	600	326
TUPOWER5	1979	110	16.66666667	600	327
TUPOWER5	1982	110	24.46808511	600	327
TUPRISON	1982	110	38.63636364	600	328
TUPRISON	1983	110	40.22988506	600	328
TUPRISON	1984	110	32.60869565	600	328
TUPROFIT	1955	110	69.87951807	600	329
TUPROFIT	1957	110	70.83333333	600	329
TUPROFIT	1964	110	76.31578947	600	329
TUREFOR1	1979	110	22.09302326	600	330
TUREFOR1	1980	110	22.09302326	600	330
TUREFOR1	1981	110	25.28735632	600	330
TUREFOR1	1982	110	23.33333333	600	330
TUREFOR1	1983	110	20.68965517	600	330
TUREFOR2	1979	110	8.695652174	600	331
TUREFOR2	1980	110	10.86956522	600	331
TUREFOR2	1981	110	10.95890411	600	331
TUREFOR2	1982	110	11.70212766	600	331
TUREFOR2	1983	110	10.75268817	600	331
TUREFOR3	1979	110	19.78021978	600	332
TUREFOR3	1980	110	24.17582418	600	332
TUREFOR3	1981	110	25	600	332
TUREFOR3	1982	110	27.17391304	600	332
TUREFOR4	1979	110	51.1627907	600	333
TUREFOR4	1980	110	55.29411765	600	333
TUREFOR4	1981	110	51.2195122	600	333
TUREFOR4	1982	110	53.48837209	600	333
TUREFOR4	1983	110	56.32183908	600	333
TUREFOR5	1981	110	39.24050633	600	334
TUREFOR5	1982	110	43.90243902	600	334
TUREFOR5	1983	110	47.05882353	600	334
TUREFOR6	1980	110	82.4742268	600	335
TUREFOR6	1981	110	80	600	335
TUREFOR6	1982	110	83.33333333	600	335
TUREFOR7	1980	110	17.20430108	600	336
TUREFOR7	1981	110	20.43010753	600	336
TUREFOR7	1982	110	24.46808511	600	336
TUREGUL	1986	110	61.70212766	600	337
TUREGUL	1987	110	65.11627907	600	337
TUREGUL	1987	110	55.55555556	600	337
TUREGUL	1989	110	69.56521739	600	337
TUREGUL	1991	110	60.52631579	600	337
TUREGUL	1992	110	63.15789474	600	337
TUREGUL	1993	110	65.85365854	600	337
TUREGUL	1994	110	69.23076923	600	337
TUREGUL	1995	110	67.56756757	600	337
TUREGUL	1996	110	64.70588235	600	337
TUREGUL	1997	110	51.42857143	600	337
TUSHARE	1955	110	51.85185185	600	338
TUSHARE	1957	110	48.64864865	600	338
TUSHARE	1964	110	58.66666667	600	338
TUSHARE	1966	110	58.75	600	338
TUWAGES	1984	110	71.11111111	600	339
TUWAGES	1984	110	74.44444444	600	339
TUWAGES	1985	110	75.55555556	600	339
TUWAGES	1986	110	73.33333333	600	339
TUWAGES	1987	110	72.09302326	600	339
TUWAGES	1988	110	74.15730337	600	339
TUWAGES2	1984	110	69.89247312	600	340
TUWAGES2	1984	110	80.64516129	600	340
TUWAGES2	1985	110	80.85106383	600	340
TUWAGES2	1986	110	78.26086957	600	340
TUWAGES2	1987	110	81.11111111	600	340
TUWAGES2	1988	110	80.8988764	600	340
UNIONMORE	1990	110	37.80487805	600	349
UNIONMORE	1991	110	41.17647059	600	349
UNIONMORE	1992	110	42.68292683	600	349
UNIONMORE	1993	110	44.31818182	600	349
UNIONMORE	1994	110	49.36708861	600	349
UNIONMORE	1996	110	47.19101124	600	349
UNIONMORE	1997	110	32.22222222	600	349
UNIONMORE	1998	110	37.07865169	600	349
UNIONMORE	2000	110	41.30434783	600	349
WAGECLM	1970	110	38.27160494	600	350
WAGECLM	1971	110	32.53012048	600	350
WAGECLM	1972	110	30.12048193	600	350
WAGECLM	1972	110	34.14634146	600	350
WAGECLM	1972	110	17.64705882	600	350
WAGECLM	1973	110	51.80722892	600	350
WAGECLM	1974	110	30.23255814	600	350
WAGECLM	1974	110	25	600	350
WAGECLM	1974	110	23.25581395	600	350
WAGECLM	1974	110	20	600	350
WAGECLM	1974	110	19.1011236	600	350
WAGECLM	1974	110	26.25	600	350
WAGECLM	1974	110	12.64367816	600	350
WAGECLM	1975	110	16.85393258	600	350
WAGECLM	1975	110	13.79310345	600	350
WAGECLM	1975	110	14.77272727	600	350
WAGECLM	1975	110	14.13043478	600	350
WORKERS	1974	110	68.74356334	2299	361
WORKERS	1979	110	64.11876184	1861	361
WORKERS	1981	110	66.26506024	600	361
WORKERS	1983	110	74.55357143	3955	361
WORKERS	1987	110	84.11594203	3826	361
WORKERS	1992	110	85.58213716	3534	361
WORKERS	1997	110	82.24356988	3615	361
DAMLIVES	2000	120	78.65470852	2992	49
DAMLIVES	2001	120	79.77637336	2821	49
DAMLIVES	2002	120	74.59330144	2927	49
DAMLIVES	2003	120	76.31160572	882	49
DAMLIVES	2004	120	72.50580046	2611	49
DAMLIVES	2005	120	72.34891676	2696	49
DOLE	1983	120	56.87544996	1389	70
DOLE	1984	120	63.58609795	1266	70
DOLE	1985	120	56.63780664	1386	70
DOLE	1986	120	56.9567045	2379	70
DOLE	1987	120	63.26714801	2216	70
DOLE	1989	120	65.85683297	2305	70
DOLE	1990	120	63.45249294	2126	70
DOLE	1991	120	66.3260773	2251	70
DOLE	1993	120	70.04747518	2317	70
DOLE	1994	120	68.90630832	2679	70
DOLE	1995	120	63.15789474	969	70
DOLE	1996	120	60.13254273	2867	70
DOLE	1997	120	61.8762475	1002	70
DOLE	1998	120	38.44210526	2375	70
DOLE	1999	120	43.67329666	2363	70
DOLE	2000	120	52.56312165	2614	70
DOLE	2001	120	49.52888161	2441	70
DOLE	2002	120	38.30921554	2626	70
DOLE	2003	120	45.50700742	2426	70
DOLE	2004	120	30.21001616	2476	70
DOLE	2005	120	34.29319372	600	70
DOLEFIDL	1987	120	55.19187359	1242	71
DOLEFIDL	1989	120	54.30232558	2530	71
DOLEFIDL	1991	120	57.86895285	2427	71
DOLEFIDL	1993	120	54.54038997	2594	71
DOLEFIDL	1994	120	51.21713729	2957	71
DOLEFIDL	1995	120	52.97592004	3146	71
DOLEFIDL	1996	120	47.417154	3103	71
DOLEFIDL	1998	120	41.05326152	2546	71
DOLEFIDL	1999	120	43.99237127	2478	71
DOLEFIDL	2000	120	40.67127345	2991	71
DOLEFIDL	2001	120	48.81075491	2820	71
DOLEFIDL	2002	120	42.67352185	2929	71
DOLEFIDL	2003	120	41.89189189	882	71
DOLEFIDL	2004	120	36.39618138	2610	71
DOLEFIDL	2005	120	41.10050533	2697	71
FALSECLM	1983	120	27.69528728	1719	90
FALSECLM	1984	120	28.16519973	1646	90
FALSECLM	1985	120	24.47284345	1769	90
FALSECLM	1986	120	23.07142857	3066	90
FALSECLM	1987	120	27.40536278	2765	90
FALSECLM	1989	120	28.53949329	2930	90
FALSECLM	1990	120	24.86942547	2698	90
FALSECLM	1994	120	24.33252427	3469	90
FALSECLM	1998	120	12.8528728	3148	90
FALSECLM	1999	120	12.64940239	3142	90
FALSECLM	2000	120	20.18736778	3425	90
FALSECLM	2001	120	17.14467814	3288	90
FALSECLM	2002	120	14.39975438	3436	90
FALSECLM	2003	120	17.86520477	3276	90
FALSECLM	2004	120	12.28300033	3198	90
GOVHAND	1983	120	25.57686961	3955	106
GOVHAND	1987	120	30.31379515	3826	106
GOVHAND	1992	120	32.0441989	3534	106
GOVWASTE	2003	120	15.95744681	2074	129
GOVWASTE	2005	120	22.82608696	2011	129
MOREWELF	1987	120	71.39852787	1243	184
MOREWELF	1989	120	79.79166667	2529	184
MOREWELF	1991	120	76.84325505	2427	184
MOREWELF	1993	120	72.45382586	2595	184
MOREWELF	1994	120	68.23037622	2958	184
MOREWELF	1995	120	68.43956044	3146	184
MOREWELF	1996	120	62.03703704	3103	184
MOREWELF	1998	120	62.52860412	2546	184
MOREWELF	1999	120	58.4861029	2478	184
MOREWELF	2000	120	56.2992126	2991	184
MOREWELF	2001	120	62.8600823	2821	184
MOREWELF	2002	120	62.39689471	2929	184
MOREWELF	2003	120	62.66447368	881	184
MOREWELF	2004	120	53.22033898	2610	184
MOREWELF	2005	120	53.91566265	600	184
PROUDWLF	2000	120	81.75642892	2991	241
PROUDWLF	2001	120	83.10880829	2821	241
PROUDWLF	2002	120	79.29085303	2930	241
PROUDWLF	2003	120	85.17298188	881	241
PROUDWLF	2004	120	79.84496124	2609	241
PROUDWLF	2005	120	81.20300752	600	241
SOCBENEF	1974	120	41.93548387	2272	275
SOCBENEF	1974	120	49.57599478	2431	275
SOCBENEF	1979	120	28.46094354	1871	275
SOCHELP	1987	120	59.02335456	1245	276
SOCHELP	1989	120	61.68582375	2530	276
SOCHELP	1991	120	64.18918919	2429	276
SOCHELP	1993	120	67.903816	2595	276
SOCHELP	1994	120	64.32183908	2957	276
SOCHELP	1995	120	59.20593368	3145	276
SOCHELP	1996	120	59.42962282	3103	276
SOCHELP	1998	120	53.15729047	2546	276
SOCHELP	1999	120	59.65978129	2478	276
SOCHELP	2000	120	54.4834308	2991	276
SOCHELP	2001	120	52.39583333	2821	276
SOCHELP	2002	120	46.50688424	2930	276
SOCHELP	2003	120	43.40567613	881	276
SOCHELP	2004	120	39.36678614	2610	276
SOCHELP	2005	120	38.49693252	600	276
UNEBENEF	1975	120	33.33333333	600	341
UNEBENEF	1976	120	28.57142857	600	341
UNEBENEF	1976	120	23.52941176	600	341
UNEBENEF	1976	120	19.56521739	600	341
UNEBENEF	1976	120	20.40816327	600	341
UNEBENEF	1976	120	24.48979592	600	341
UNEBENEF	1977	120	22.64150943	600	341
UNEBENEF	1982	120	86.84210526	600	341
WELFARE	1995	120	54.06152783	3083	354
WELFARE	1996	120	53.5246192	3056	354
WELFARE	1998	120	42.95682512	2499	354
WELFARE	1999	120	44.37357631	2438	354
WELFARE	2000	120	42.36851784	2964	354
WELFBEN	1974	120	40.30206677	2284	355
WELFBEN	1978	120	29.50819672	600	355
WELFBEN	1979	120	25.34979424	1864	355
WELFBEN	1981	120	56.89655172	600	355
WELFBEN	1983	120	60.14176663	3955	355
WELFBEN	1987	120	76.11940299	600	355
WELFBEN	1987	120	58.32575068	3826	355
WELFBEN	1990	120	84	600	355
WELFBEN	1992	120	73.93967955	3534	355
WELFFEET	1987	120	57.96505653	1244	356
WELFFEET	1989	120	60.22904737	2528	356
WELFFEET	1991	120	66.16052061	2429	356
WELFFEET	1993	120	67.21804511	2595	356
WELFFEET	1994	120	64.74272931	2957	356
WELFFEET	1995	120	56.89368771	3146	356
WELFFEET	1996	120	55.5746879	3103	356
WELFFEET	1998	120	44.74260679	2545	356
WELFFEET	1999	120	47.22850679	2477	356
WELFFEET	2000	120	47.97266515	2991	356
WELFFEET	2001	120	47.513027	2823	356
WELFFEET	2002	120	40.60185185	2930	356
WELFFEET	2003	120	40.77669903	881	356
WELFFEET	2004	120	33.55119826	2610	356
WELFFEET	2005	120	33.24324324	600	356
WELFHELP	1983	120	47.34513274	1610	357
WELFHELP	1984	120	50.47372954	1522	357
WELFHELP	1985	120	52.52918288	1502	357
WELFHELP	1987	120	47.84437434	1243	357
WELFHELP	1989	120	56.29067245	1274	357
WELFHELP	1991	120	61.00591716	2429	357
WELFHELP	1993	120	53.79041249	2596	357
WELFHELP	1994	120	54.54545455	2958	357
WELFHELP	1995	120	49.70891178	3145	357
WELFHELP	1996	120	51.73611111	3103	357
WELFHELP	1998	120	45.20547945	2546	357
WELFHELP	1999	120	50	2478	357
WELFHELP	2000	120	47.62618691	2991	357
WELFHELP	2001	120	55.38204127	2822	357
WELFHELP	2002	120	50.25380711	2928	357
WELFHELP	2003	120	46.01769912	881	357
WELFHELP	2004	120	58.67109635	2609	357
WELFHELP	2005	120	48.29821718	600	357
WELFRESP	1983	120	33.06836248	1611	358
WELFRESP	1984	120	38.1141046	1522	358
WELFRESP	1985	120	42.21238938	1502	358
WELFRESP	1986	120	37.57170172	1316	358
WELFRESP	1987	120	35.32338308	1244	358
WELFRESP	1989	120	48.86363636	1274	358
WELFRESP	1991	120	54.46735395	2427	358
WELFRESP	1993	120	45.53433144	2596	358
WELFRESP	1994	120	43.14586995	2958	358
WELFRESP	1995	120	38.24750831	3146	358
WELFRESP	1996	120	40.11348756	3104	358
WELFRESP	1998	120	33.92670157	2546	358
WELFRESP	1999	120	35.14431239	2478	358
WELFRESP	2000	120	32.86281429	2991	358
WELFSTIG	1983	120	61.94267516	1610	359
WELFSTIG	1984	120	66.11433306	1522	359
WELFSTIG	1985	120	65.72438163	1502	359
WELFSTIG	1986	120	68.07465619	1316	359
WELFSTIG	1987	120	63.1147541	1243	359
WELFSTIG	1989	120	68.94790603	1275	359
WELFSTIG	1991	120	68.71934605	2429	359
WELFSTIG	1993	120	71.84661958	2595	359
WELFSTIG	1994	120	67.40306583	2956	359
WELFSTIG	1995	120	63.80109566	3146	359
WELFSTIG	1996	120	67.97184338	3102	359
WELFSTIG	1998	120	61.18746564	2546	359
WELFSTIG	1999	120	58.46242111	2477	359
WELFSTIG	2000	120	58.87764489	2991	359
COMPREH	1974	130	51.80023229	2365	37
COMPREH	1979	130	40.38054968	1893	37
COMPREH	1981	130	44.44444444	600	37
COMPSCH	1965	130	40.51407589	600	38
COMPSCH	1966	130	48.7804878	600	38
COMPSCH	1967	130	52.27272727	600	38
COMPSCH	1968	130	51.13636364	600	38
GOVROLE1	1985	130	49.86702128	1501	122
GOVROLE1	1986	130	53.2942899	1316	122
GOVROLE1	1987	130	53.43137255	1243	122
GOVROLE1	1989	130	69.12521441	1254	122
GOVROLE1	1990	130	59.8540146	1164	122
GOVROLE2	1985	130	31.02625298	1501	123
GOVROLE2	1986	130	34.63035019	1315	123
GOVROLE2	1987	130	34.81481481	1242	123
GOVROLE2	1989	130	36.83333333	1255	123
GOVROLE3	1986	130	53.00859599	1315	124
GOVROLE3	1987	130	51.82250396	1243	124
GOVROLE3	1989	130	67.18480138	1255	124
GOVROLE4	1985	130	14.64285714	1501	125
GOVROLE4	1986	130	11.1409396	1315	125
GOVROLE4	1987	130	11.40472879	1244	125
GOVROLE4	1989	130	8.722741433	1255	125
GOVROLE4	1990	130	11.942959	1163	125
GOVROLE5	1985	130	13.12569522	1502	126
GOVROLE5	1986	130	12.27217497	1316	126
GOVROLE5	1987	130	13.13394018	1244	126
GOVROLE5	1989	130	6.534090909	1254	126
GOVROLE6	1986	130	40.22038567	1315	127
GOVROLE6	1987	130	44.23963134	1243	127
GOVROLE6	1989	130	49.32432432	1256	127
GOVROLE8	1985	130	28.07017544	1501	128
GOVROLE8	1990	130	25.21588946	1163	128
HLPPRMED	1983	130	56.59008464	3955	135
HLPPRMED	1987	130	54.48320835	3826	135
HLPPRMED	1992	130	64.17597765	3534	135
HLPPRMED	1997	130	62.79069767	3615	135
HLTHFREE	1993	130	84.8935273	600	136
HLTHFREE	1994	130	86.30223723	600	136
HLTHFREE	1995	130	85.93082835	600	136
HLTHFREE	1997	130	86.87132593	600	136
HLTHFREE	2000	130	89.53171051	600	136
HLTHPRIO	1993	130	74.79361585	600	137
HLTHPRIO	1994	130	76.31116963	600	137
HLTHPRIO	1995	130	77.07365627	600	137
HLTHPRIO	1997	130	77.0759566	600	137
HLTHPRIO	2000	130	74.64589235	600	137
NATLAND	1963	130	36	600	188
NATLAND	1963	130	45.20547945	600	188
NATNL1	1987	130	34.83146067	3826	189
NATNL1	1992	130	52.09542231	3534	189
NATNL1	1997	130	67.03524534	3615	189
NATNL2	1987	130	44.71605867	3826	190
NATNL2	1992	130	20.72304713	1773	190
NATNL2	1997	130	66.69502339	3472	190
NATNL2P	1992	130	55.61277034	1407	191
NATNL2P	1994	130	67.27688787	1833	191
NATNL2P	1995	130	67.14150047	1505	191
NATNL2P	1996	130	66.92759295	1367	191
NATNL2P	1997	130	64.32989691	1384	191
NATNL3	1953	130	30	600	192
NATNL3	1957	130	40	600	192
NATNL3	1959	130	30	600	192
NATNL3	1963	130	40.90909091	600	192
NATNL3	1963	130	36.36363636	600	192
NATNL3	1964	130	36.95652174	600	192
NATNL3	1964	130	47.82608696	600	192
NATNL3	1968	130	17.30769231	600	192
NATNL3	1971	130	43.18181818	600	192
NATNL4	1973	130	47.72727273	600	193
NATNL4	1973	130	47.72727273	600	193
NATNL4	1974	130	42.22222222	600	193
NATNL4	1975	130	29.54545455	600	193
NATNL4	1976	130	23.07692308	600	193
NATNLSTN	1986	130	31.98127925	1548	194
NATNLSTN	1989	130	53.05719921	1462	194
NATNLSTN	1990	130	54.62184874	1353	194
NATPRIV	1963	130	52.04991087	600	195
NATPRIV	1964	130	57.41324921	657	195
NATPRIV	1966	130	56.48148148	639	195
NATPRIV	1974	130	59.54465849	2287	195
NATPRIV	1974	130	53.39892665	2431	195
NATPRIV	1979	130	29.64824121	1863	195
NATPRIV	1983	130	29.49571836	3955	195
NATPRIV	2005	130	73.67021277	600	195
NATPRIV2	1988	130	60.71428571	600	196
NATPRIV2	1988	130	57.69230769	600	196
NATPRIV2	1989	130	61.53846154	600	196
NATPRIV2	1989	130	73.07692308	600	196
NATPRIV2	1989	130	64.1509434	600	196
NATPRIV2	1989	130	65.45454545	600	196
NATSTEEL	1964	130	29.62962963	600	197
NATSTEEL	1965	130	25	600	197
NATSTEEL	1966	130	32.09876543	600	197
NATSTEEL2	1949	130	35.44303797	600	198
NATSTEEL2	1949	130	32.05128205	600	198
NATSTEEL2	1950	130	39.02439024	600	198
PRENTBST	1986	130	29.43305187	1316	222
PRENTBST	1991	130	43.32892999	1220	222
PRENTBST	1992	130	48.41485507	3305	222
PRENTBST	1994	130	53.31491713	2957	222
PRENTBST	1996	130	66.66666667	600	222
PRENTBST	1996	130	61.11111111	600	222
PRENTBST	1996	130	56.59955257	3104	222
PRENTBST	1997	130	51.55993432	1087	222
PRENTBST	1997	130	54.12087912	3093	222
PRENTBST	2001	130	52.32100708	2191	222
PRENTBST	2001	130	52.32100708	2191	222
PRENTBST	2005	130	48.30472813	2326	222
PRENTBST2	1992	130	45.58244232	2675	223
PRENTBST2	1994	130	55.23255814	1835	223
PRENTBST2	1995	130	47.50830565	1498	223
PRENTBST2	1996	130	50.63291139	1347	223
PRENTBST2	1997	130	40.25670945	1380	223
PRENTBST2	1998	130	39.64211975	2256	223
PRENTBST2	2000	130	43.10487201	1919	223
PRENTBST3	1993	130	58.174734	600	224
PRENTBST3	1995	130	61.28780792	600	224
PRENTBST3	1997	130	48.26719339	600	224
PRENTBST3	2000	130	50.59501673	600	224
PRENTBST3	2004	130	54.55618973	600	224
PRIVBUSIN	1990	130	31.26873127	1483	226
PRIVBUSIN	1998	130	37.73584906	1094	226
PRIVBUSIN	1999	130	34.18647166	1000	226
PRIVEDUC	1983	130	19.768533	3955	227
PRIVEDUC	1987	130	23.04781562	3826	227
PRIVEDUC	1992	130	24.31544359	3534	227
PRIVEDUC	1997	130	31.53044872	3615	227
PRIVELECT	1988	130	66.12903226	600	228
PRIVELECT	1988	130	58.06451613	600	228
PRIVELECT	1989	130	74.19354839	600	228
PRIVELECT	1989	130	77.41935484	600	228
PRIVFAR	1987	130	64.87582362	3826	229
PRIVFAR	1992	130	79.38816449	3534	229
PRIVINS	1993	130	65.55279062	600	230
PRIVINS	1994	130	66.82748882	600	230
PRIVINS	1995	130	65.65595554	600	230
PRIVINS	1997	130	64.239338	600	230
PRIVINS	2000	130	68.85331251	600	230
PRIVSCH	1984	130	68.3982684	1647	231
PRIVSCH	1985	130	77.47747748	1769	231
PRIVSCH	1986	130	59.2039801	3065	231
PRIVSCH	1987	130	66.85456595	2766	231
PRIVSCH	1995	130	80.51948052	1253	231
PRMEDNHS	1984	130	64.45895522	1646	232
PRMEDNHS	1986	130	59.87229862	3066	232
PRMEDNHS	1987	130	65.51724138	2766	232
PRMEDNHS	1989	130	66.18635927	2930	232
PRMEDPRV	1984	130	64.61366181	1645	233
PRMEDPRV	1986	130	66.70581327	3065	233
PRMEDPRV	1987	130	66.56403941	2765	233
PRMEDPRV	1989	130	64.75315729	2931	233
PUBOWNST	1992	130	54.23514539	3304	242
PUBOWNST	1994	130	63.52321685	2958	242
PUBOWNST	1996	130	67.07317073	600	242
PUBOWNST	1996	130	69.62025316	600	242
PUBOWNST	1996	130	65.00244738	3104	242
PUBOWNST	1997	130	60.20114943	1088	242
PUBOWNST	1997	130	62.32308443	3093	242
PUBOWNST2	1992	130	53.56585112	2675	243
PUBOWNST2	1994	130	62.4251497	1835	243
PUBOWNST2	1995	130	66.89124158	1497	243
PUBOWNST2	1996	130	66.7673716	1347	243
PUBOWNST2	1997	130	61.73212487	1379	243
PUBOWNST2	1998	130	56.8986569	2256	243
PUBOWNST2	2000	130	57.26375176	1913	243
PUBOWNST3	1993	130	55.78501094	600	244
PUBOWNST3	1995	130	63.82539245	600	244
PUBOWNST3	1997	130	52.57037944	600	244
PUBOWNST3	2000	130	52.57089436	600	244
PUBOWNST3	2004	130	58.1873208	600	244
PUBSERV	2002	130	58.69565217	600	245
PUBSERV	2003	130	59.57446809	600	245
PUBSERV	2003	130	65.95744681	600	245
PUBSERV	2005	130	67.0212766	600	245
RPRNAT	1987	130	44.71605867	3826	265
RPRNAT	1992	130	20.70967742	1774	265
RPRNAT	1997	130	66.59655027	3498	265
SOLDOFF	1990	130	71.60493827	1446	285
SOLDOFF	1991	130	69.04761905	1337	285
SOLDOFF	1992	130	72.5	1424	285
SOLDOFF	1993	130	79.7752809	1403	285
SOLDOFF	1994	130	80.48780488	1437	285
SOLDOFF	1996	130	73.56321839	1200	285
STATEOWN	1983	130	18.34951456	1719	286
STATEOWN	1984	130	21.85430464	1646	286
STATEOWN	1985	130	29.20469361	1769	286
STATEOWN	1986	130	33.87784091	3066	286
STATEOWN	1987	130	35.32145624	2766	286
STATEOWN	1989	130	42.56535948	2930	286
STATEOWN	1990	130	43.31320104	2699	286
ECOHELP3	1983	140	86.4737153	1718	73
ECOHELP3	1984	140	88.54489164	1646	73
ECOHELP3	1985	140	90.1319564	1770	73
ECOHELP3	1986	140	91.27984085	3066	73
ECOHELP3	1987	140	92.81261459	2766	73
ECOHELP3	1989	140	93.16534346	2931	73
ECOHELP3	1990	140	91.71042761	2699	73
ECOHELP3	1991	140	92.57673091	1423	73
GOVECON3	1985	140	49.63768116	1502	98
GOVECON3	1990	140	43.2853717	1163	98
GOVECON3	1996	140	37.48169839	993	98
GOVEDSP	1987	140	92.78029445	3826	104
GOVEDSP	1992	140	96.90199583	3534	104
GOVEDSP	1997	140	96.77790564	3615	104
GOVNHSSP	1974	140	91.08818011	2365	112
GOVNHSSP	1979	140	93.01659989	1893	112
GOVNHSSP	1981	140	91.4893617	600	112
GOVNHSSP	1983	140	94.73684211	600	112
GOVNHSSP	1983	140	89.5777659	3955	112
GOVNHSSP	1987	140	94.36967866	3826	112
GOVNHSSP	1992	140	96.28865979	3534	112
GOVNHSSP	1997	140	97.39155089	3615	112
HEFEE	2004	140	68.32706767	3200	131
HEFEE	2005	140	72.46835443	600	131
HEFEENOW	2000	140	80	1133	132
HEFEENOW	2001	140	82.20720721	1102	132
HEFEENOW	2003	140	79.33130699	4432	132
HEGRANT	1983	140	60.12269939	1719	133
HEGRANT	1985	140	63.95209581	1770	133
HEGRANT	1987	140	67.39540143	2766	133
HEGRANT	1990	140	74.82462977	1345	133
NHSFUNDS	1974	140	91.08818011	2365	200
NHSFUNDS	1979	140	93.01659989	1893	200
NHSFUNDS	1981	140	91.4893617	600	200
NHSFUNDS	1983	140	94.73684211	600	200
PENSIONS	1961	140	98.7804878	600	215
PENSIONS	1961	140	97.59036145	600	215
PENSIONS	1965	140	97.10144928	600	215
PENSIONS	1967	140	97.26027397	600	215
PENSIONS	1968	140	97.33333333	600	215
PENSIONS	1975	140	95.3125	600	215
PENSIONS	1976	140	95.16129032	600	215
PENSIONS	1976	140	94.91525424	600	215
PENSIONS	1977	140	95.38461538	600	215
PENSIONS	1977	140	96.82539683	600	215
PENSIONS	1978	140	97.77777778	600	215
PENSIONS	1979	140	96.2962963	600	215
PENSIONS	1980	140	98.33333333	600	215
PENSIONS	1982	140	98.50746269	600	215
PENSIONS	1983	140	98.46153846	600	215
PENSIONS	1983	140	96.96969697	600	215
PENSIONS	1985	140	98.5915493	600	215
PENSIONS	1985	140	97.26027397	600	215
PENSIONS	1986	140	98.71794872	600	215
PENSIONS	1986	140	98.75	600	215
PENSIONS	1988	140	98.7654321	600	215
PENSIONS	1988	140	98.7804878	600	215
PENSIONS	1990	140	100	600	215
PENSIONS	1990	140	98.82352941	600	215
PENSIONS	1991	140	98.75	600	215
PENSIONS	1992	140	98.7804878	600	215
PENSIONS	1993	140	98.80952381	600	215
PENSIONS	1993	140	98.7804878	600	215
PENSIONS	1995	140	100	600	215
RIDPOVTY	1974	140	92.94964029	2365	260
RIDPOVTY	1979	140	77.49562172	1893	260
RIDPOVTY	1981	140	92.22222222	600	260
RIDPOVTY	1983	140	88.50862549	3955	260
RIDPOVTY	1987	140	92.2926009	3826	260
RIDPOVTY	1992	140	95.43983525	3534	260
RIDPOVTY	1997	140	95.28356481	3615	260
ROADS	1961	140	92.85714286	600	262
ROADS	1961	140	93.93939394	600	262
ROADS	1965	140	88.13559322	600	262
ROADS	1967	140	90.47619048	600	262
ROADS	1968	140	85.71428571	600	262
ROADS	1975	140	51.78571429	600	262
ROADS	1976	140	53.84615385	600	262
ROADS	1976	140	51.06382979	600	262
ROADS	1977	140	66.10169492	600	262
ROADS	1977	140	71.69811321	600	262
ROADS	1978	140	79.54545455	600	262
ROADS	1979	140	85.71428571	600	262
ROADS	1980	140	88.23529412	600	262
ROADS	1982	140	91.30434783	600	262
ROADS	1983	140	91.17647059	600	262
ROADS	1983	140	92.42424242	600	262
ROADS	1985	140	92.64705882	600	262
ROADS	1985	140	92.59259259	600	262
ROADS	1986	140	92.64705882	600	262
ROADS	1986	140	88.88888889	600	262
ROADS	1988	140	93.5483871	600	262
ROADS	1988	140	91.93548387	600	262
ROADS	1990	140	90.14084507	600	262
ROADS	1990	140	82.08955224	600	262
ROADS	1991	140	84.61538462	600	262
ROADS	1992	140	83.58208955	600	262
ROADS	1993	140	77.19298246	600	262
ROADS	1993	140	76.78571429	600	262
ROADS	1995	140	68.85245902	600	262
SOCSPND	1964	140	79.59770115	696	278
SOCSPND	1966	140	54.74452555	685	278
SOCSPND	1970	140	59.08360129	1842	278
SOCSPND1	1998	140	38.19910515	3145	279
SOCSPND1	1999	140	42.70422535	3143	279
SOCSPND1	2002	140	36.69211196	3434	279
SOCSPND1	2004	140	25.59872272	3199	279
SOCSPND2	1998	140	97.71354616	3145	280
SOCSPND2	1999	140	97.54733219	3142	280
SOCSPND2	2002	140	96.94501018	3434	280
SOCSPND2	2004	140	95.9106039	3198	280
SOCSPND3	1998	140	95.805444	3145	281
SOCSPND3	1999	140	95.67328918	3143	281
SOCSPND3	2002	140	94.83512118	3435	281
SOCSPND3	2004	140	93.40813464	3198	281
SOCSPND4	1998	140	61.32404181	3147	282
SOCSPND4	1999	140	59.51696377	3143	282
SOCSPND4	2002	140	68.69520371	3435	282
SOCSPND4	2004	140	65.40954626	3199	282
SOCSPND5	1998	140	97.04090513	3147	283
SOCSPND5	1999	140	95.47023296	3143	283
SOCSPND5	2002	140	97.23735409	3435	283
SOCSPND5	2004	140	97.15719064	3199	283
SOCSPND6	1998	140	99.34159566	3146	284
SOCSPND6	1999	140	99.07940161	3143	284
SOCSPND6	2002	140	98.97635016	3436	284
SOCSPND6	2004	140	99.15352058	3200	284
HILOWTAX	1987	150	77.04485488	1137	134
HILOWTAX	1991	150	79.88047809	1004	134
HILOWTAX	1996	150	73.72188139	978	134
HILOWTAX	1999	150	78.71536524	794	134
INDTAX	1985	150	14.96402878	1503	166
INDTAX	1986	150	11.20567376	1316	166
INDTAX	1996	150	31.93277311	1034	166
MIDTAX	2003	150	9.433962264	2074	178
MIDTAX	2005	150	11.76470588	2011	178
RTXSPD	1987	150	82.60389849	3826	266
RTXSPD	1992	150	84.73954512	1774	266
RTXSPD	1997	150	90.91847265	3498	266
RTXSPD2	2001	150	87.7034358	3018	267
RTXSPD2	2005	150	84.21792619	4161	267
RTXSPDP	1992	150	84.36928702	1405	268
RTXSPDP	1994	150	84.41369264	1905	268
RTXSPDP	1995	150	89.10728911	1504	268
RTXSPDP	1996	150	89.19619706	1368	268
RTXSPDP	1997	150	93.30472103	1383	268
RTXSPDP	1997	150	92.0334507	2771	268
RTXSPDP	1998	150	88.66967306	2204	268
RTXSPDP	1999	150	90.24984765	2032	268
RTXSPDP	2000	150	87.77991043	1900	268
RTXSPDP	2001	150	90.26265215	1858	268
TAXBETTER	1990	150	69.56521739	600	298
TAXBETTER	1991	150	78.04878049	600	298
TAXBETTER	1992	150	76.25	600	298
TAXBETTER	1993	150	82.55813953	600	298
TAXBETTER	1994	150	77.10843373	600	298
TAXBETTER	1996	150	80.45977011	600	298
TAXBETTER	1997	150	79.12087912	600	298
TAXBETTER	1998	150	78.02197802	600	298
TAXBETTER	2000	150	71.73913043	600	298
TAXBETTER	2005	150	78.87323944	600	298
TAXME	2003	150	32.14285714	600	299
TAXME	2005	150	35.36585366	600	299
TAXPROP	1963	150	48.8372093	600	300
TAXPROP	1963	150	48.8372093	600	300
TAXPROP	1968	150	47.05882353	600	300
TAXPROP	1968	150	43.18181818	600	300
TAXSPEND	1983	150	79	1719	301
TAXSPEND	1984	150	87.73841962	1644	301
TAXSPEND	1985	150	88.9135255	1769	301
TAXSPEND	1986	150	90.61696658	3066	301
TAXSPEND	1987	150	93.70771313	2766	301
TAXSPEND	1989	150	95.42559351	2858	301
TAXSPEND	1990	150	94.3943299	2698	301
TAXSPEND	1991	150	95.04132231	2836	301
TAXSPEND	1993	150	93.41708543	2944	301
TAXSPEND	1994	150	93.82544104	3469	301
TAXSPEND	1995	150	92.69521411	3632	301
TAXSPEND	1996	150	93.79641765	3620	301
TAXSPEND	1997	150	94.79048698	1355	301
TAXSPEND	1998	150	95.6123433	3147	301
TAXSPEND	1999	150	93.77892031	3143	301
TAXSPEND	2000	150	91.65341812	2302	301
TAXSPEND	2001	150	95.72691552	3287	301
TAXSPEND	2002	150	95.12843224	3436	301
TAXSPEND	2003	150	88.90666667	3275	301
TAXSPEND	2004	150	89.7766323	2131	301
TAXSPEND	2005	150	87.44473917	2167	301
TAXSPND1	1978	150	60.9375	600	302
TAXSPND1	1979	150	68.75	600	302
TAXSPND1	1979	150	63.76811594	600	302
TAXSPND1	1980	150	70.27027027	600	302
TAXSPND1	1980	150	69.56521739	600	302
TAXSPND1	1983	150	68.05555556	600	302
TAXSPND1	1984	150	79.41176471	600	302
TAXSPND1	1984	150	82.85714286	600	302
TAXSPND1	1985	150	78.66666667	600	302
TAXSPND1	1986	150	78.94736842	600	302
TAXSPND1	1986	150	79.01234568	600	302
TAXSPND1	1986	150	88.31168831	600	302
TAXSPND1	1987	150	83.56164384	600	302
TAXSPND1	1987	150	85.71428571	600	302
TAXSPND1	1989	150	87.95180723	600	302
TAXSPND1	1989	150	88.60759494	600	302
TAXSPND1	1989	150	83.11688312	600	302
TAXSPND1	1990	150	85.71428571	600	302
TAXSPND1	1990	150	84.14634146	600	302
TAXSPND1	1990	150	87.34177215	600	302
TAXSPND1	1991	150	86.74698795	600	302
TAXSPND1	1991	150	86.48648649	600	302
TAXSPND1	1991	150	87.67123288	600	302
TAXSPND1	1992	150	86.84210526	600	302
TAXSPND1	1993	150	87.34177215	600	302
TAXSPND1	1993	150	90.36144578	600	302
TAXSPND1	1995	150	89.61038961	600	302
TAXSPND1	1996	150	88.75	600	302
TAXSPND1	1996	150	88.60759494	600	302
TAXSPND1	1997	150	91.13924051	600	302
TAXSPND1	1997	150	91.56626506	600	302
TAXSPND1	1998	150	86.11111111	600	302
TAXSPND1	1998	150	87.65432099	600	302
TAXSPND1	1999	150	84.21052632	600	302
TAXSPND1	2000	150	83.56164384	600	302
TAXSPND1	2000	150	81.08108108	600	302
TAXSPND1	2000	150	80.28169014	600	302
TAXSPND1	2005	150	78.87323944	600	302
TAXSPND2	2002	150	80.28169014	600	303
TAXSPND2	2003	150	81.25	600	303
TAXSPND2	2003	150	61.40350877	600	303
TAXSPND2	2005	150	66.66666667	600	303
TAXSPND2	2005	150	66.21621622	600	303
TAXSPND3	1963	150	44.08602151	600	304
TAXSPND3	1966	150	39.56043956	600	304
TAXSPND3	1969	150	23.33333333	600	304
TAXSPND3	1970	150	29.34782609	600	304
TAXSPND4	1960	150	70.52631579	600	305
TAXSPND4	1961	150	67.67676768	600	305
TOOMUCH	2003	150	25.80645161	600	307
TOOMUCH	2005	150	31.39534884	600	307
BASINC	1987	160	69.87951807	1181	20
BASINC	1991	160	74.78070175	1034	20
DIFFSNEC	1987	160	64.15981199	1180	68
DIFFSNEC	1991	160	75.82697201	1034	68
DIFFSNEC	1999	160	76.39123103	820	68
DIFFSNEC	2004	160	63.17254174	1720	68
EQUOPP	2002	160	83.78378378	600	88
EQUOPP	2004	160	84.88488488	600	88
FREEEQU	1981	160	24.95361781	1167	92
FREEEQU	1990	160	32.97258297	1485	92
FREEEQU	1999	160	34.70873786	1000	92
GINCDIF	2002	160	73.19952774	600	97
GINCDIF	2004	160	76.78339818	600	97
GOVRESP7	1985	160	74.58840372	1501	119
GOVRESP7	1986	160	76.01918465	1315	119
GOVRESP7	1990	160	74.07407407	1163	119
GOVRESP7	1991	160	73.92086331	1221	119
GOVRESP7	1996	160	67.28060672	994	119
GOVRESP7	1998	160	81.66894665	815	119
INCDIFCC	1985	160	68.75	1488	160
INCDIFCC	1986	160	73.71916509	1312	160
INCDIFCC	1987	160	73.87387387	1173	160
INCDIFCC	1990	160	69.6485623	1154	160
INCDIFCC	1991	160	76.75233645	1026	160
INCDIFCC	1993	160	74.53222453	1204	160
INCDIFCC	1996	160	68.28135368	2008	160
INCDIFCC	1999	160	82	791	160
INCDIFCC	2000	160	74.86631016	922	160
INCDIFCC	2004	160	59.02555911	1722	160
INCDIFFS	1987	160	87.25099602	1179	161
INCDIFFS	1991	160	90.82872928	1034	161
INCDIFFS	1999	160	93.15263909	819	161
INCDIFFS	2004	160	83.68298368	1721	161
INCEQUAL	1990	160	26.99228792	1483	162
INCEQUAL	1998	160	52.12038304	1092	162
INCEQUAL	1999	160	47.42698192	1000	162
INCLMTS	1992	160	31.12066041	600	163
INCLMTS	1994	160	29.91030359	600	163
INCLMTS	1996	160	33.50665054	600	163
INCLMTS	1998	160	33.4179971	600	163
INCLMTS	2001	160	25.67883032	600	163
INCLMTS	2003	160	23.42935187	600	163
LABINCEQ	1987	160	93.07875895	3826	172
LABINCEQ	1992	160	91.69349646	1774	172
LABINCEQ	1997	160	90.94785175	3498	172
NHSLIMIT	1983	160	68.60537836	1719	201
NHSLIMIT	1984	160	75.21367521	1645	201
NHSLIMIT	1986	160	71.47313692	3065	201
NHSLIMIT	1987	160	72.62225645	2766	201
NHSLIMIT	1989	160	77.36860922	2931	201
NHSLIMIT	1990	160	76.74328009	2698	201
NHSLIMIT	1993	160	78.03754871	2945	201
NHSLIMIT	1994	160	79.25250147	3469	201
NHSLIMIT	1995	160	76.9729425	3633	201
NHSLIMIT	1996	160	78.76905703	3620	201
NHSLIMIT	1998	160	73.30081301	3145	201
NHSLIMIT	2000	160	76.09668756	3426	201
NHSLIMIT	2001	160	72.46240602	2180	201
NHSLIMIT	2002	160	75.32701849	2285	201
NHSLIMIT	2003	160	72.58996002	2283	201
NHSLIMIT	2004	160	77.05544933	3199	201
NHSLIMIT	2005	160	75.4332314	600	201
POORTAX	2003	160	94.52054795	2074	217
POORTAX	2005	160	92.64705882	2011	217
REDISTRB	1986	160	59.12863071	1316	252
REDISTRB	1987	160	57.33122363	2424	252
REDISTRB	1987	160	65.10681587	3826	252
REDISTRB	1989	160	63.63636364	2527	252
REDISTRB	1990	160	62.33905579	2349	252
REDISTRB	1991	160	56.34743875	1222	252
REDISTRB	1992	160	63.49436978	3534	252
REDISTRB	1993	160	57.48792271	1328	252
REDISTRB	1994	160	66.96468485	2957	252
REDISTRB	1995	160	62.11804102	3146	252
REDISTRB	1996	160	61.13089938	3104	252
REDISTRB	1997	160	75.78044597	3615	252
REDISTRB	1998	160	55.13756317	2546	252
REDISTRB	1999	160	50.73696145	2477	252
REDISTRB	2000	160	51.76260598	2991	252
REDISTRB	2001	160	53.15315315	2820	252
REDISTRB	2002	160	53.38061466	2929	252
REDISTRB	2003	160	56.81310499	3633	252
REDISTRB	2004	160	45.22502744	2610	252
REDISTRB	2005	160	45.03496503	600	252
REDISTRB2	1974	160	66.68463612	2292	253
REDISTRB2	1979	160	66.16334935	1861	253
REDISTRB2	1981	160	73.41772152	600	253
REDISTRB2	1983	160	73.4939759	600	253
REDUCPOV	1991	160	82.64040846	1413	254
REDUCPOV	1996	160	84.37236731	2405	254
RICHLAW	1986	160	72.74418605	1316	256
RICHLAW	1987	160	77.83731125	2424	256
RICHLAW	1987	160	68.91651865	3414	256
RICHLAW	1987	160	68.91651865	3414	256
RICHLAW	1989	160	80.73522569	2528	256
RICHLAW	1990	160	78.63545817	2348	256
RICHLAW	1991	160	76.05633803	1221	256
RICHLAW	1992	160	70.85900689	3304	256
RICHLAW	1992	160	70.85900689	3304	256
RICHLAW	1993	160	82.35823582	1326	256
RICHLAW	1994	160	82.57361839	2957	256
RICHLAW	1995	160	84.18674699	3145	256
RICHLAW	1996	160	85.76415826	3103	256
RICHLAW	1997	160	83.66445916	1088	256
RICHLAW	1997	160	84.69387755	3093	256
RICHLAW	1997	160	84.69387755	3093	256
RICHLAW	1998	160	81.13489298	2545	256
RICHLAW	1999	160	78.60082305	2477	256
RICHLAW	2000	160	79.56989247	2991	256
RICHLAW	2001	160	82.33970754	2191	256
RICHLAW	2001	160	82.33970754	2191	256
RICHLAW	2001	160	82.33970754	2191	256
RICHLAW	2001	160	75.35962877	2821	256
RICHLAW	2002	160	77.36093144	2929	256
RICHLAW	2003	160	75.97096189	3635	256
RICHLAW	2004	160	71.09004739	2610	256
RICHLAW	2005	160	71.62162162	600	256
RICHLAW	2005	160	75.8952097	2326	256
RICHLAW2	1990	160	80.68181818	600	257
RICHLAW2	1991	160	77.01149425	600	257
RICHLAW2	1992	160	81.17647059	600	257
RICHLAW2	1993	160	82.79569892	600	257
RICHLAW2	1994	160	85.05747126	600	257
RICHLAW2	1996	160	86.31578947	600	257
RICHLAW2	1996	160	85.71428571	600	257
RICHLAW3	1993	160	82.60575296	600	258
RICHLAW3	1995	160	83.93811853	600	258
RICHLAW3	1997	160	80.93555853	600	258
RICHLAW3	2000	160	80.93834439	600	258
RICHLAW3	2004	160	77.44458931	600	258
RICHTAX	2003	160	83.82352941	600	259
RICHTAX	2005	160	89.55223881	600	259
RINCEQ	1987	160	64.58267217	3828	261
RINCEQ	1992	160	69.74900925	1774	261
RINCEQ	1997	160	76.61578435	3498	261
SAMEEDUC	1986	160	47.30971129	1548	270
SAMEEDUC	1989	160	53.31010453	1462	270
SAMEEDUC	1991	160	56.27705628	1414	270
SAMEEDUC	1993	160	58.90985325	1452	270
SAMEEDUC	1996	160	60.08403361	1214	270
SAMEHLTH	1986	160	46.16895874	1548	271
SAMEHLTH	1989	160	50.41608877	1461	271
SAMEHLTH	1991	160	55.41125541	1414	271
SAMEHLTH	1993	160	55.76652602	1452	271
SAMEHLTH	1996	160	60.60100167	1214	271
WEALTH	1986	160	82	1314	351
WEALTH	1987	160	79.23664122	2424	351
WEALTH	1987	160	75.02795378	3414	351
WEALTH	1989	160	80.243309	2528	351
WEALTH	1990	160	80.87923729	2349	351
WEALTH	1991	160	84.45595855	1222	351
WEALTH	1993	160	81.67170191	1328	351
WEALTH	1995	160	84.45700444	3147	351
WEALTH	1996	160	86.18807725	3103	351
WEALTH	1998	160	85.24762908	2546	351
WEALTH	1999	160	82.21365639	2478	351
WEALTH	2000	160	82.57978723	2992	351
WEALTH	2001	160	81.81377304	2821	351
WEALTH	2002	160	83.78995434	2928	351
WEALTH	2003	160	82.01705599	3634	351
WEALTH	2004	160	76.24521073	2610	351
WEALTH	2005	160	77.26638773	600	351
WEALTH1	1992	160	74.23529412	3304	352
WEALTH1	1994	160	83.17515099	2957	352
WEALTH1	1996	160	88.04347826	600	352
WEALTH1	1996	160	87.64044944	600	352
WEALTH1	1996	160	80.58252427	3104	352
WEALTH1	1997	160	83.21596244	1088	352
WEALTH1	1997	160	80.46075085	3093	352
WEALTH1	2001	160	80.98881695	2191	352
WEALTH1	2005	160	82.4461601	3226	352
WEALTH2	1993	160	80.13633102	600	353
WEALTH2	1995	160	82.72543662	600	353
WEALTH2	1997	160	79.28385417	600	353
WEALTH2	2000	160	80.63512638	600	353
WEALTH2	2004	160	80.23350529	600	353
CONCERN	1984	180	46.26582278	1646	39
CONCERN	1985	180	46.68656716	1768	39
CONCERN	1986	180	46.84065934	3067	39
CONCERN	1987	180	43.15868828	2767	39
CONCERN	1989	180	30.9819213	2931	39
CONCERN	1990	180	27.11213518	2699	39
CONCERN	1991	180	35.58951965	1423	39
CONCERN	1993	180	51.9121813	1452	39
CONCERN	1994	180	46.7191601	1186	39
CONCERN	1995	180	44.34857636	1201	39
ECOSOLUT	1975	180	83.5443038	600	82
ECOSOLUT	1977	180	77.63157895	600	82
INFCNTRL	1990	180	40.78947368	600	168
INFCNTRL	1991	180	51.80722892	600	168
INFCNTRL	1992	180	57.5	600	168
INFCNTRL	1993	180	60.46511628	600	168
INFCNTRL	1994	180	62.33766234	600	168
INFCNTRL	1996	180	50.58823529	600	168
INFCNTRL	1997	180	44.82758621	600	168
INFCNTRL	1998	180	40.22988506	600	168
INFCNTRL	2000	180	42.85714286	600	168
INFVUNE	1983	180	79.67762326	3954	169
INFVUNE	1987	180	84.42748092	3826	169
INFVUNE	1992	180	84.91957105	1774	169
INFVUNE	1997	180	86.50956284	3590	169
UNEFAULT	1983	180	93.96195203	3955	342
UNEFAULT	1986	180	91.03182257	1316	342
UNEFAULT	1987	180	89.42424242	3826	342
UNEFAULT	1992	180	94.57850204	3534	342
UNEMPBAD	1967	180	57.95454545	600	343
UNEMPBAD	1980	180	52.17391304	600	343
UNEMPBAD	1982	180	58.06451613	600	343
UNEMPBAD	1982	180	56.98924731	600	343
UNEMPBAD	1982	180	53.76344086	600	343
UNEMPBAD	1983	180	53.19148936	600	343
UNEMPBAD	1984	180	56.38297872	600	343
UNEMPBAD	1985	180	60.63829787	600	343
UNEMPBAD	1991	180	63.44086022	600	343
UNEMPBAD	1991	180	62.10526316	600	343
UNEMPINF	1983	180	71.96374622	1718	344
UNEMPINF	1984	180	72.50639386	1645	344
UNEMPINF	1985	180	77.18562874	1770	344
UNEMPINF	1986	180	78.85871433	3066	344
UNEMPINF	1987	180	75.77358491	2766	344
UNEMPINF	1989	180	59.51271946	2931	344
UNEMPINF	1990	180	49.1255344	2699	344
UNEMPINF	1991	180	56.85986794	1421	344
UNEMPINF	1993	180	75.17934003	1452	344
UNEMPINF	1994	180	72.21238938	1187	344
UNEMPINF	1995	180	69.86899563	1200	344
UNEMPINF2	1985	180	69.18561996	1502	345
UNEMPINF2	1990	180	42.9915334	1163	345
UNEMPINF3	1975	180	28.57142857	600	346
UNEMPINF3	1975	180	35.10638298	600	346
UNEMPINF3	1976	180	43.01075269	600	346
UNEMPINF3	1976	180	37.23404255	600	346
UNEMPINF3	1976	180	41.30434783	600	346
UNEMPINF3	1976	180	44.56521739	600	346
UNEMPINF3	1980	180	58.69565217	600	346
UNEMPINF3	1980	180	64.13043478	600	346
UNEMPINF3	1980	180	67.39130435	600	346
UNEMPINF3	1982	180	75.2688172	600	346
UNEMPINF3	1982	180	75.55555556	600	346
UNEMPINF3	1982	180	77.65957447	600	346
UNEMPINF3	1983	180	75.82417582	600	346
UNEMPINF3	1984	180	80.64516129	600	346
UNEMPINF3	1985	180	84.7826087	600	346
UNEMPINF3	1985	180	82.79569892	600	346
UNEMPINF3	1986	180	83.87096774	600	346
UNEMPINF3	1986	180	86.17021277	600	346
UNEMPINF3	1990	180	53.33333333	600	346
UNEMPINF3	1991	180	52.68817204	600	346
UNEMPINF3	1991	180	60.43956044	600	346
UNEMPINF3	1991	180	65.2173913	600	346
UNEMPINF3	1991	180	66.30434783	600	346
UNEMPINF3	1992	180	78.125	600	346
UNEMPINF3	1992	180	85.26315789	600	346
UNEMPINF3	1993	180	85.41666667	600	346
UNEMPINF3	1995	180	79.78723404	600	346
UNEMPINF3	1996	180	77.41935484	600	346
UNEMPINF4	1967	180	81.70731707	600	347
UNEMPINF4	1980	180	79.31034483	600	347
UNEMPINF4	1982	180	81.11111111	600	347
UNEMPINF4	1982	180	81.11111111	600	347
UNEMPINF4	1982	180	79.12087912	600	347
UNEMPINF4	1983	180	76.66666667	600	347
UNEMPINF4	1984	180	82.41758242	600	347
UNEMPINF4	1985	180	82.41758242	600	347
UNEMPINF4	1991	180	81.52173913	600	347
UNEMPINF4	1991	180	78.26086957	600	347
UNEMPJOB	1987	180	50.34079844	1243	348
UNEMPJOB	1989	180	35.0591716	2529	348
UNEMPJOB	1991	180	51.85758514	2429	348
UNEMPJOB	1993	180	65.58823529	2594	348
UNEMPJOB	1994	180	57.76205219	2956	348
UNEMPJOB	1995	180	49.97912317	3146	348
UNEMPJOB	1996	180	48.5375159	3103	348
UNEMPJOB	1998	180	28.81619938	2547	348
UNEMPJOB	1999	180	25.90042373	2478	348
UNEMPJOB	2000	180	24.21449518	2992	348
UNEMPJOB	2001	180	20.35714286	2821	348
UNEMPJOB	2002	180	19.00897053	2929	348
UNEMPJOB	2003	180	17.97752809	881	348
UNEMPJOB	2004	180	12.47563353	2610	348
UNEMPJOB	2005	180	13.44956413	600	348
